bfs.html: 0.11492234220514383
dfs.html: 0.08064976674301845
games.html: 0.22789891809822227
minesweeper.html: 0.11828568534655481
minimax.html: 0.13092548446704583
search.html: 0.20903211779345993
tictactoe.html: 0.11828568534655481
